25
3
1
1
0.0
1
2
0.0
1
3
0.0
2
1
75.1237605733086
2
2
0.0
2
3
19.38255257492885
3
1
150.2475211466172
3
2
0.0
3
3
37.88861197765717
4
1
225.3712817199258
4
2
0.0
4
3
55.7766569475301
5
1
300.4950422932344
5
2
0.0
5
3
73.18271657593117
6
1
0.0
6
2
375.618802866543
6
3
0.0
7
1
75.1237605733086
7
2
375.618802866543
7
3
17.791237032498255
8
1
150.2475211466172
8
2
375.618802866543
8
3
35.13311129143595
9
1
225.3712817199258
9
2
375.618802866543
9
3
52.091589597249
10
1
300.4950422932344
10
2
375.618802866543
10
3
68.78797196304299
11
1
0.0
11
2
751.237605733086
11
3
0.0
12
1
75.1237605733086
12
2
751.237605733086
12
3
17.070498191882102
13
1
150.2475211466172
13
2
751.237605733086
13
3
34.36597181563707
14
1
225.3712817199258
14
2
751.237605733086
14
3
52.42656142515962
15
1
300.4950422932344
15
2
751.237605733086
15
3
72.0255236076461
16
1
0.0
16
2
1126.856408599629
16
3
0.0
17
1
75.1237605733086
17
2
1126.856408599629
17
3
20.060641077958117
18
1
150.2475211466172
18
2
1126.856408599629
18
3
43.4900891079098
19
1
225.3712817199258
19
2
1126.856408599629
19
3
71.96934402957713
20
1
300.4950422932344
20
2
1126.856408599629
20
3
107.59030465661478
21
1
0.0
21
2
1502.475211466172
21
3
0.0
22
1
75.1237605733086
22
2
1502.475211466172
22
3
35.157684485338635
23
1
150.2475211466172
23
2
1502.475211466172
23
3
81.51978626537307
24
1
225.3712817199258
24
2
1502.475211466172
24
3
142.57485031802068
25
1
300.4950422932344
25
2
1502.475211466172
25
3
222.40010333576285
